1657444688926
1657444691248
1657444693730
1657444695961
1657444698260
1657444700614
1657444702956
1657444705252
1657444707625
1657444710027
1657444712386
1657444714759
1657444719623
1657444721982
1657444724352
1657444726705
1657444733820
1657444736252
1657444738631
1657444741093
1657444743435
1657444745788
1657444748179
1657444750550
1657444757696
1657444760055
1657444762408
1657444764877
1657444767278
1657444769635
1657444772034
1657444774395
1657444776796
1657444781528
1657444788732
1657444791089
1657444800514
1657444802876
1657444805243
